109
115
116
118
118
126
140
148
163
166
183
186
189
192
193
194
198
198
199
200
206
210
211
227
233
245
247
252
259
260
267
272
291
296
296
298
307
308
316
325
333
347
349
350
351
365
369
375
376
378
379
384
386
393
394
395
400
412
429
441
442
452
453
455
465
476
487
488
493
495
506
516
526
526
533
534
536
540
557
557
558
561
565
566
574
575
583
588
588
595
602
605
608
609
627
643
644
656
658
665
673
681
683
689
693
698
699
703
709
721
724
740
741
749
769
771
774
775
780
787
799
809
823
835
841
843
845
845
846
855
857
858
858
860
868
870
878
888
900
904
907
913
917
924
927
928
934
936
940
943
955
960
965
972
972
977
978
981
986
991
